-4808959821755419159
-308765561782176872
-3351886876833009219
2786491221370526616
-7599163844937785078
-3704289105464553659
-817977276327279012
1041634228946916390
-611933919011453874
6860365202012548743
-8362155916669450433
-7840065798689225656
958678748565378630
-2715659517993248528
8140001131492015970
-295256132678273272
4967626678566359797
2416690444939532966
-2071654755370999181
4337858325895835975
2064589285349881430
-219654149706939678
-6839731974356144299
55805817903011897
-4034479154199951660
2104753032468820593
5095953045379457693
4835513366538479589
6517970735870537680
-6608202219744298442
-1074216635621263080
5378675936150354342
3474600314261236767
1807999641296767398
2945491521378615875
-2032114982579266900
-7361870495574245239
8238825230856891722
-1484480932323261743
9179158887821226620
7108138468324607563
3722030546990177601
4528328309128226601
-2348531260024030868
-6408236223442795114
7906447433950141371
2279701297191536102
-1131874177313947864
-7819214222664409074
-3398733705704004737
-4823578082533232043
8070052635939602736
1226914614693940043
-1779966653848131994
-1484260288934568198
1050011270089757015
1846619548447513435
-321368189791233059
7656298813843443723
-4170176965665747899
7574076311863352638
2580229933642620775
2141601757041171955
4773893278047952886
-8848006486184214167
7768383373616406297
-6796993053331699759
5861488756915380794
-6721985333506435516
1927744966593550877
-5887014165353425417
-8902327773946185933
-4451146198950833492
-6731460786192355537
-7090738523080389525
6089740229259904985
8876921041575997553
-2639712094463902941
110935281460899177
6779644693589166201
5774485002554332889
-3736148128075102371
-6694703829973021730
-8714007024653381838
1395126229649134876
7547521321530673239
8235898744823016943
3162525866960075383
-2920251388931953435
6500553341154044958
-1725247636012105872
-4311664175842416752
2557975885793144023
2169001889673001174
1904994959457490030
-3969856743736461032
-6449504331442595066
-8748167626855220430
5513396153026509734
625683228224793984